-4.845126867294311523e-01 6.164615154266357422e-01 8.053663969039916992e-01
-4.836626052856445312e-01 6.170212626457214355e-01 8.051199913024902344e-01
-4.823400974273681641e-01 6.174721121788024902e-01 8.049491643905639648e-01
-4.807426929473876953e-01 6.178695559501647949e-01 8.048185110092163086e-01
-4.789880216121673584e-01 6.182430386543273926e-01 8.047055006027221680e-01
-4.771462082862854004e-01 6.186079978942871094e-01 8.045983314514160156e-01
-4.752586483955383301e-01 6.189711093902587891e-01 8.044900894165039062e-01
-4.733487963676452637e-01 6.193348765373229980e-01 8.043769598007202148e-01
-4.714315533638000488e-01 6.196994781494140625e-01 8.042572140693664551e-01
-4.695141911506652832e-01 6.200643777847290039e-01 8.041306734085083008e-01
-4.676013588905334473e-01 6.204280853271484375e-01 8.039968609809875488e-01
-4.656959772109985352e-01 6.207896471023559570e-01 8.038568496704101562e-01
-4.637990593910217285e-01 6.211478710174560547e-01 8.037102222442626953e-01
-4.619123935699462891e-01 6.215026378631591797e-01 8.035589456558227539e-01
-4.600360393524169922e-01 6.218529343605041504e-01 8.034022450447082520e-01
-4.581709206104278564e-01 6.221987605094909668e-01 8.032413721084594727e-01
-4.563179016113281250e-01 6.225404143333435059e-01 8.030765652656555176e-01
-4.544764757156372070e-01 6.228774785995483398e-01 8.029083013534545898e-01
-4.526479244232177734e-01 6.232109665870666504e-01 8.027361631393432617e-01
-4.508323967456817627e-01 6.235413551330566406e-01 8.025615215301513672e-01
-4.490298032760620117e-01 6.238687038421630859e-01 8.023834824562072754e-01
-4.472412168979644775e-01 6.241945624351501465e-01 8.022028207778930664e-01
-4.454665780067443848e-01 6.245192289352416992e-01 8.020194172859191895e-01
-4.437061548233032227e-01 6.248431801795959473e-01 8.018335103988647461e-01
-4.419606328010559082e-01 6.251676678657531738e-01 8.016446828842163086e-01
-4.402306079864501953e-01 6.254926919937133789e-01 8.014537692070007324e-01
-4.385170936584472656e-01 6.258188486099243164e-01 8.012608289718627930e-01
-4.368211627006530762e-01 6.261466145515441895e-01 8.010662794113159180e-01
-4.351438879966735840e-01 6.264752149581909180e-01 8.008699417114257812e-01
-4.334868192672729492e-01 6.268052458763122559e-01 8.006735444068908691e-01
-4.318519532680511475e-01 6.271361708641052246e-01 8.004765510559082031e-01
-4.302410483360290527e-01 6.274675130844116211e-01 8.002802133560180664e-01
-4.286559820175170898e-01 6.277989149093627930e-01 8.000847697257995605e-01
-4.270981550216674805e-01 6.281298398971557617e-01 7.998903989791870117e-01
-4.255701303482055664e-01 6.284599304199218750e-01 7.996982336044311523e-01
-4.240735173225402832e-01 6.287889480590820312e-01 7.995090484619140625e-01
-4.226096272468566895e-01 6.291161775588989258e-01 7.993218302726745605e-01
-4.211807250976562500e-01 6.294417977333068848e-01 7.991386651992797852e-01
-4.197876453399658203e-01 6.297651529312133789e-01 7.989587783813476562e-01
-4.184314906597137451e-01 6.300861835479736328e-01 7.987826466560363770e-01
-4.171136617660522461e-01 6.304048895835876465e-01 7.986106276512145996e-01
-4.158350229263305664e-01 6.307210922241210938e-01 7.984426021575927734e-01
-4.145958125591278076e-01 6.310346126556396484e-01 7.982795238494873047e-01
-4.133968353271484375e-01 6.313453316688537598e-01 7.981204986572265625e-01
-4.122384786605834961e-01 6.316531896591186523e-01 7.979660630226135254e-01
-4.111210107803344727e-01 6.319580674171447754e-01 7.978156805038452148e-01
-4.100442230701446533e-01 6.322601437568664551e-01 7.976710796356201172e-01
-4.090085029602050781e-01 6.325590610504150391e-01 7.975307106971740723e-01
-4.080136120319366455e-01 6.328551769256591797e-01 7.973952293395996094e-01
-4.070588648319244385e-01 6.331477761268615723e-01 7.972639799118041992e-01
-4.061441421508789062e-01 6.334371566772460938e-01 7.971374988555908203e-01
-4.052690565586090088e-01 6.337237358093261719e-01 7.970161437988281250e-01
-4.044331312179565430e-01 6.340061426162719727e-01 7.968984842300415039e-01
-4.036356210708618164e-01 6.342858076095581055e-01 7.967861890792846680e-01
-4.028754830360412598e-01 6.345614790916442871e-01 7.966779470443725586e-01
-4.021526277065277100e-01 6.348335742950439453e-01 7.965737581253051758e-01
-4.014657139778137207e-01 6.351021528244018555e-01 7.964739799499511719e-01
-4.008134007453918457e-01 6.353663802146911621e-01 7.963784337043762207e-01
-4.001955091953277588e-01 6.356272697448730469e-01 7.962872385978698730e-01
-3.996112942695617676e-01 6.358840465545654297e-01 7.961995005607604980e-01
-3.990586400032043457e-01 6.361364722251892090e-01 7.961157560348510742e-01
-3.985375761985778809e-01 6.363852024078369141e-01 7.960356473922729492e-01
-3.980461061000823975e-01 6.366293430328369141e-01 7.959592342376708984e-01
-3.975835740566253662e-01 6.368691921234130859e-01 7.958866357803344727e-01
-3.971489071846008301e-01 6.371049880981445312e-01 7.958170175552368164e-01
-3.967412114143371582e-01 6.373362541198730469e-01 7.957504987716674805e-01
-3.963588178157806396e-01 6.375629901885986328e-01 7.956879138946533203e-01
-3.960006833076477051e-01 6.377849578857421875e-01 7.956277132034301758e-01
-3.925024569034576416e-01 6.379396915435791016e-01 7.944890856742858887e-01
-3.926219046115875244e-01 6.379373669624328613e-01 7.952579259872436523e-01
-3.928279280662536621e-01 6.379424333572387695e-01 7.965269684791564941e-01
-3.930914998054504395e-01 6.379568576812744141e-01 7.980901002883911133e-01
-3.933897018432617188e-01 6.379801630973815918e-01 7.998233437538146973e-01
-3.937042653560638428e-01 6.380099654197692871e-01 8.016514778137207031e-01
-3.940225541591644287e-01 6.380446553230285645e-01 8.035287857055664062e-01
-3.943352401256561279e-01 6.380826234817504883e-01 8.054276704788208008e-01
-3.946355283260345459e-01 6.381214857101440430e-01 8.073326945304870605e-01
-3.949191570281982422e-01 6.381608247756958008e-01 8.092329502105712891e-01
-3.951838612556457520e-01 6.381992697715759277e-01 8.111230134963989258e-01
-3.954276442527770996e-01 6.382362842559814453e-01 8.129976987838745117e-01
-3.956498801708221436e-01 6.382713317871093750e-01 8.148562908172607422e-01
-3.958503603935241699e-01 6.383042335510253906e-01 8.166965246200561523e-01
-3.960291147232055664e-01 6.383349895477294922e-01 8.185169696807861328e-01
-3.961871266365051270e-01 6.383638978004455566e-01 8.203181028366088867e-01
-3.963241577148437500e-01 6.383904218673706055e-01 8.220987319946289062e-01
-3.964416682720184326e-01 6.384155750274658203e-01 8.238577246665954590e-01
-3.965397477149963379e-01 6.384390592575073242e-01 8.255952000617980957e-01
-3.966192603111267090e-01 6.384614706039428711e-01 8.273112773895263672e-01
-3.966810703277587891e-01 6.384832262992858887e-01 8.290048837661743164e-01
-3.967254161834716797e-01 6.385046243667602539e-01 8.306761980056762695e-01
-3.967533707618713379e-01 6.385266184806823730e-01 8.323250412940979004e-01
-3.967651724815368652e-01 6.385489702224731445e-01 8.339508175849914551e-01
-3.967616260051727295e-01 6.385727524757385254e-01 8.355540037155151367e-01
-3.967428505420684814e-01 6.385979652404785156e-01 8.371330499649047852e-01
-3.967096209526062012e-01 6.386255025863647461e-01 8.386892676353454590e-01
-3.966621756553649902e-01 6.386554241180419922e-01 8.402211666107177734e-01
-3.966012001037597656e-01 6.386883258819580078e-01 8.417295217514038086e-01
-3.965278267860412598e-01 6.387245655059814453e-01 8.432135581970214844e-01
-3.964416980743408203e-01 6.387638449668884277e-01 8.446735143661499023e-01
-3.963444232940673828e-01 6.388068199157714844e-01 8.461090922355651855e-01
-3.962367773056030273e-01 6.388531327247619629e-01 8.475197553634643555e-01
-3.961197137832641602e-01 6.389032602310180664e-01 8.489050865173339844e-01
-3.959941565990447998e-01 6.389564275741577148e-01 8.502663373947143555e-01
-3.958612978458404541e-01 6.390129923820495605e-01 8.516017198562622070e-01
-3.957222998142242432e-01 6.390724778175354004e-01 8.529126048088073730e-01
-3.955777287483215332e-01 6.391345262527465820e-01 8.541970849037170410e-01
-3.954295516014099121e-01 6.391992568969726562e-01 8.554567098617553711e-01
-3.952786028385162354e-01 6.392661333084106445e-01 8.566911220550537109e-01
-3.951253294944763184e-01 6.393349766731262207e-01 8.578995466232299805e-01
-3.949713706970214844e-01 6.394058465957641602e-01 8.590829968452453613e-01
-3.948172032833099365e-01 6.394782066345214844e-01 8.602402210235595703e-01
-3.946639299392700195e-01 6.395524144172668457e-01 8.613721728324890137e-01
-3.945124149322509766e-01 6.396277546882629395e-01 8.624784946441650391e-01
-3.943621516227722168e-01 6.397039890289306641e-01 8.635588884353637695e-01
-3.942148685455322266e-01 6.397815942764282227e-01 8.646143674850463867e-01
-3.940709233283996582e-01 6.398601531982421875e-01 8.656442761421203613e-01
-3.939301669597625732e-01 6.399394869804382324e-01 8.666483759880065918e-01
-3.937933146953582764e-01 6.400195360183715820e-01 8.676276206970214844e-01
-3.936604857444763184e-01 6.401002407073974609e-01 8.685814142227172852e-01
-3.935320973396301270e-01 6.401814222335815430e-01 8.695110082626342773e-01
-3.934085369110107422e-01 6.402634382247924805e-01 8.704155683517456055e-01
-3.932893872261047363e-01 6.403454542160034180e-01 8.712953329086303711e-01
-3.931754231452941895e-01 6.404281854629516602e-01 8.721507787704467773e-01
-3.930664360523223877e-01 6.405109167098999023e-01 8.729825019836425781e-01
-3.929621279239654541e-01 6.405937671661376953e-01 8.737896680831909180e-01
-3.928627371788024902e-01 6.406764388084411621e-01 8.745737075805664062e-01
-3.927686810493469238e-01 6.407597064971923828e-01 8.753340244293212891e-01
-3.926793932914733887e-01 6.408424377441406250e-01 8.760720491409301758e-01
-3.925948739051818848e-01 6.409250497817993164e-01 8.767867088317871094e-01
-3.925154209136962891e-01 6.410076618194580078e-01 8.774790763854980469e-01
-3.924406170845031738e-01 6.410896778106689453e-01 8.781499862670898438e-01
-3.916665613651275635e-01 6.405624151229858398e-01 8.796149492263793945e-01
-3.905035853385925293e-01 6.396358013153076172e-01 8.817472457885742188e-01
-3.891391754150390625e-01 6.384395360946655273e-01 8.843909502029418945e-01
-3.876841068267822266e-01 6.370553970336914062e-01 8.874223232269287109e-01
-3.861994743347167969e-01 6.355355381965637207e-01 8.907470107078552246e-01
-3.847166895866394043e-01 6.339135766029357910e-01 8.942926526069641113e-01
-3.832490444183349609e-01 6.322131156921386719e-01 8.980072736740112305e-01
-3.817982673645019531e-01 6.304509639739990234e-01 9.018516540527343750e-01
-3.803589344024658203e-01 6.286428570747375488e-01 9.057990908622741699e-01
-3.789224624633789062e-01 6.267981529235839844e-01 9.098309278488159180e-01
-3.774807155132293701e-01 6.249229907989501953e-01 9.139333963394165039e-01
-3.760260045528411865e-01 6.230214238166809082e-01 9.180970191955566406e-01
-3.745506405830383301e-01 6.210954189300537109e-01 9.223139882087707520e-01
-3.730486035346984863e-01 6.191459894180297852e-01 9.265779256820678711e-01
-3.715141713619232178e-01 6.171730756759643555e-01 9.308826923370361328e-01
-3.699421286582946777e-01 6.151762008666992188e-01 9.352226257324218750e-01
-3.683282732963562012e-01 6.131544113159179688e-01 9.395912885665893555e-01
-3.666689991950988770e-01 6.111063957214355469e-01 9.439822435379028320e-01
-3.649599552154541016e-01 6.090236902236938477e-01 9.484053850173950195e-01
-3.632001876831054688e-01 6.069108247756958008e-01 9.528356194496154785e-01
-3.613870739936828613e-01 6.047663688659667969e-01 9.572626352310180664e-01
-3.595196604728698730e-01 6.025893688201904297e-01 9.616775512695312500e-01
-3.575965762138366699e-01 6.003795266151428223e-01 9.660721421241760254e-01
-3.556162118911743164e-01 5.981360673904418945e-01 9.704387784004211426e-01
-3.535780906677246094e-01 5.958585739135742188e-01 9.747682213783264160e-01
-3.514817953109741211e-01 5.935474634170532227e-01 9.790527820587158203e-01
-3.493275642395019531e-01 5.912025570869445801e-01 9.832836389541625977e-01
-3.471162915229797363e-01 5.888239741325378418e-01 9.874522089958190918e-01
-3.448491692543029785e-01 5.864125490188598633e-01 9.915498495101928711e-01
-3.425276279449462891e-01 5.839689970016479492e-01 9.955681562423706055e-01
-3.401541411876678467e-01 5.814951658248901367e-01 9.994987845420837402e-01
-3.377324044704437256e-01 5.790054798126220703e-01 1.003319501876831055e+00
-3.352644443511962891e-01 5.764893293380737305e-01 1.007038593292236328e+00
-3.327536284923553467e-01 5.739487409591674805e-01 1.010649323463439941e+00
-3.302032947540283203e-01 5.713860988616943359e-01 1.014144897460937500e+00
-3.276177048683166504e-01 5.688049793243408203e-01 1.017519712448120117e+00
-3.250014185905456543e-01 5.662083625793457031e-01 1.020767331123352051e+00
-3.223586678504943848e-01 5.636000633239746094e-01 1.023883104324340820e+00
-3.196944594383239746e-01 5.609838962554931641e-01 1.026862263679504395e+00
-3.170133829116821289e-01 5.583637952804565430e-01 1.029701232910156250e+00
-3.143206536769866943e-01 5.557437539100646973e-01 1.032396793365478516e+00
-3.116207718849182129e-01 5.531283617019653320e-01 1.034946203231811523e+00
-3.089189827442169189e-01 5.505213737487792969e-01 1.037348389625549316e+00
-3.062197566032409668e-01 5.479273796081542969e-01 1.039601802825927734e+00
-3.035278916358947754e-01 5.453503131866455078e-01 1.041705846786499023e+00
-3.008477389812469482e-01 5.427942276000976562e-01 1.043660879135131836e+00
-2.981834411621093750e-01 5.402626991271972656e-01 1.045467376708984375e+00
-2.955388724803924561e-01 5.377595424652099609e-01 1.047126650810241699e+00
-2.929180264472961426e-01 5.352883338928222656e-01 1.048640370368957520e+00
-2.903241515159606934e-01 5.328522920608520508e-01 1.050011157989501953e+00
-2.877602875232696533e-01 5.304542779922485352e-01 1.051241397857666016e+00
-2.852294445037841797e-01 5.280973911285400391e-01 1.052334070205688477e+00
-2.827337384223937988e-01 5.257839560508728027e-01 1.053292036056518555e+00
-2.802755832672119141e-01 5.235162973403930664e-01 1.054120182991027832e+00
-2.778564989566802979e-01 5.212960243225097656e-01 1.054821729660034180e+00
-2.754781544208526611e-01 5.191252231597900391e-01 1.055400967597961426e+00
-2.731418013572692871e-01 5.170049667358398438e-01 1.055862069129943848e+00
-2.708478569984436035e-01 5.149363279342651367e-01 1.056208848953247070e+00
-2.685972452163696289e-01 5.129206180572509766e-01 1.056447029113769531e+00
-2.663903832435607910e-01 5.109583139419555664e-01 1.056580305099487305e+00
-2.642271518707275391e-01 5.090492963790893555e-01 1.056613206863403320e+00
-2.621075510978698730e-01 5.071946382522583008e-01 1.056550502777099609e+00
-2.600313425064086914e-01 5.053941607475280762e-01 1.056396484375000000e+00
-2.579980790615081787e-01 5.036475062370300293e-01 1.056155323982238770e+00
-2.560073435306549072e-01 5.019549727439880371e-01 1.055831909179687500e+00
-2.540581226348876953e-01 5.003157854080200195e-01 1.055429697036743164e+00
-2.521496415138244629e-01 4.987292885780334473e-01 1.054953575134277344e+00
-2.502812445163726807e-01 4.971952736377716064e-01 1.054406404495239258e+00
-2.484517693519592285e-01 4.957136809825897217e-01 1.053792834281921387e+00
-2.466603815555572510e-01 4.942826032638549805e-01 1.053116559982299805e+00
-2.449055314064025879e-01 4.929018616676330566e-01 1.052380800247192383e+00
-2.431862205266952515e-01 4.915703535079956055e-01 1.051589250564575195e+00
-2.415016293525695801e-01 4.902878403663635254e-01 1.050744771957397461e+00
-2.398498058319091797e-01 4.890521764755249023e-01 1.049851179122924805e+00
-2.382301688194274902e-01 4.878635704517364502e-01 1.048911333084106445e+00
-2.366409599781036377e-01 4.867203831672668457e-01 1.047927618026733398e+00
-2.350809872150421143e-01 4.856219589710235596e-01 1.046903491020202637e+00
-2.335490435361862183e-01 4.845668077468872070e-01 1.045841455459594727e+00
-2.320438623428344727e-01 4.835546314716339111e-01 1.044744729995727539e+00
-2.305635809898376465e-01 4.825837016105651855e-01 1.043615102767944336e+00
-2.291074097156524658e-01 4.816532135009765625e-01 1.042455911636352539e+00
-2.276734262704849243e-01 4.807620644569396973e-01 1.041268587112426758e+00
-2.262607812881469727e-01 4.799095988273620605e-01 1.040055632591247559e+00
-2.248678654432296753e-01 4.790944457054138184e-01 1.038820266723632812e+00
-2.234929502010345459e-01 4.783155620098114014e-01 1.037563562393188477e+00
-2.221348881721496582e-01 4.775720834732055664e-01 1.036288261413574219e+00
-2.207921296358108521e-01 4.768624901771545410e-01 1.034996390342712402e+00
-2.194636315107345581e-01 4.761865139007568359e-01 1.033689737319946289e+00
-2.181475460529327393e-01 4.755427241325378418e-01 1.032370805740356445e+00
-2.168429195880889893e-01 4.749307632446289062e-01 1.031040549278259277e+00
-2.155478894710540771e-01 4.743483662605285645e-01 1.029702425003051758e+00
-2.142614722251892090e-01 4.737965464591979980e-01 1.028357028961181641e+00
-2.129820734262466431e-01 4.732731878757476807e-01 1.027006387710571289e+00
-2.117085158824920654e-01 4.727776646614074707e-01 1.025652647018432617e+00
-2.104398906230926514e-01 4.723092913627624512e-01 1.024296998977661133e+00
-2.091742753982543945e-01 4.718673229217529297e-01 1.022941350936889648e+00
-2.079113721847534180e-01 4.714509248733520508e-01 1.021587371826171875e+00
-2.066489458084106445e-01 4.710588455200195312e-01 1.020235776901245117e+00
-2.053871452808380127e-01 4.706915616989135742e-01 1.018889069557189941e+00
-2.041243314743041992e-01 4.703474938869476318e-01 1.017547726631164551e+00
-2.028601914644241333e-01 4.700264334678649902e-01 1.016212821006774902e+00
-2.015937119722366333e-01 4.697273671627044678e-01 1.014886021614074707e+00
-2.003240883350372314e-01 4.694499373435974121e-01 1.013568162918090820e+00
-1.990512013435363770e-01 4.691933393478393555e-01 1.012260198593139648e+00
-1.977744102478027344e-01 4.689571261405944824e-01 1.010962486267089844e+00
-1.964936852455139160e-01 4.687405228614807129e-01 1.009675860404968262e+00
-1.952082514762878418e-01 4.685431122779846191e-01 1.008400440216064453e+00
-1.939187049865722656e-01 4.683645367622375488e-01 1.007138133049011230e+00
-1.926243752241134644e-01 4.682033061981201172e-01 1.005887627601623535e+00
-1.913262754678726196e-01 4.680606126785278320e-01 1.004650354385375977e+00
-1.900235116481781006e-01 4.679343104362487793e-01 1.003425478935241699e+00
-1.887169480323791504e-01 4.678246378898620605e-01 1.002214193344116211e+00
-1.874069571495056152e-01 4.677310585975646973e-01 1.001016020774841309e+00
-1.860934197902679443e-01 4.676530957221984863e-01 9.998309612274169922e-01
-1.847768723964691162e-01 4.675898551940917969e-01 9.986590147018432617e-01
-1.834578365087509155e-01 4.675413966178894043e-01 9.975002408027648926e-01
-1.821369230747222900e-01 4.675069749355316162e-01 9.963543415069580078e-01
-1.808142662048339844e-01 4.674864411354064941e-01 9.952216148376464844e-01
-1.794911026954650879e-01 4.674794077873229980e-01 9.941014051437377930e-01
-1.781673878431320190e-01 4.674853384494781494e-01 9.929938912391662598e-01
-1.768436729907989502e-01 4.675039052963256836e-01 9.918987154960632324e-01
-1.755208373069763184e-01 4.675345718860626221e-01 9.908155798912048340e-01
-1.741995215415954590e-01 4.675773382186889648e-01 9.897446632385253906e-01
-1.728802174329757690e-01 4.676318168640136719e-01 9.886854887008666992e-01
-1.715635359287261963e-01 4.676973223686218262e-01 9.876381158828735352e-01
-1.702501177787780762e-01 4.677738547325134277e-01 9.866021871566772461e-01
-1.689407676458358765e-01 4.678612947463989258e-01 9.855775833129882812e-01
-1.676359474658966064e-01 4.679597020149230957e-01 9.845644235610961914e-01
-1.663362979888916016e-01 4.680679440498352051e-01 9.835621714591979980e-01
-1.650424599647521973e-01 4.681867361068725586e-01 9.825706481933593750e-01
-1.637547016143798828e-01 4.683151245117187500e-01 9.815903902053833008e-01
-1.624736487865447998e-01 4.684531688690185547e-01 9.806207418441772461e-01
-1.612001061439514160e-01 4.686008095741271973e-01 9.796612262725830078e-01
-1.599343717098236084e-01 4.687581658363342285e-01 9.787129759788513184e-01
-1.586768329143524170e-01 4.689247608184814453e-01 9.777746200561523438e-01
-1.574274301528930664e-01 4.691002368927001953e-01 9.768468737602233887e-01
-1.561867594718933105e-01 4.692846536636352539e-01 9.759292006492614746e-01
-1.549551188945770264e-01 4.694778919219970703e-01 9.750218391418457031e-01
-1.537323594093322754e-01 4.696802794933319092e-01 9.741244316101074219e-01
-1.525187045335769653e-01 4.698913097381591797e-01 9.732367992401123047e-01
-1.513140946626663208e-01 4.701107144355773926e-01 9.723590612411499023e-01
-1.501183807849884033e-01 4.703387618064880371e-01 9.714907407760620117e-01
-1.489314138889312744e-01 4.705750346183776855e-01 9.706323146820068359e-01
-1.477533578872680664e-01 4.708197116851806641e-01 9.697831869125366211e-01
-1.465840786695480347e-01 4.710726439952850342e-01 9.689434766769409180e-01
-1.454235762357711792e-01 4.713339209556579590e-01 9.681131243705749512e-01
-1.442714631557464600e-01 4.716027975082397461e-01 9.672918319702148438e-01
-1.431287229061126709e-01 4.718797802925109863e-01 9.664800763130187988e-01
-1.419954001903533936e-01 4.721649885177612305e-01 9.656771421432495117e-01
-1.408719420433044434e-01 4.724575877189636230e-01 9.648841619491577148e-01
-1.397590488195419312e-01 4.727575182914733887e-01 9.641007781028747559e-01
-1.386573910713195801e-01 4.730652272701263428e-01 9.633272290229797363e-01
-1.375679373741149902e-01 4.733793735504150391e-01 9.625636339187622070e-01
-1.364919245243072510e-01 4.737007617950439453e-01 9.618101716041564941e-01
-1.354303807020187378e-01 4.740285873413085938e-01 9.610677957534790039e-01
-1.343844234943389893e-01 4.743629097938537598e-01 9.603368043899536133e-01
-1.333555281162261963e-01 4.747034311294555664e-01 9.596167802810668945e-01
-1.323446035385131836e-01 4.750501513481140137e-01 9.589091539382934570e-01
-1.313528716564178467e-01 4.754019975662231445e-01 9.582135677337646484e-01
-1.303815543651580811e-01 4.757596254348754883e-01 9.575312137603759766e-01
-1.294314116239547729e-01 4.761222302913665771e-01 9.568617343902587891e-01
-1.285035759210586548e-01 4.764899015426635742e-01 9.562059640884399414e-01
-1.275991052389144897e-01 4.768624901771545410e-01 9.555640816688537598e-01
-1.267179101705551147e-01 4.772391915321350098e-01 9.549363851547241211e-01
-1.258611977100372314e-01 4.776201844215393066e-01 9.543234109878540039e-01
-1.250290870666503906e-01 4.780043065547943115e-01 9.537248611450195312e-01
-1.242218762636184692e-01 4.783922433853149414e-01 9.531412124633789062e-01
-1.234402582049369812e-01 4.787833988666534424e-01 9.525732994079589844e-01
-1.226838454604148865e-01 4.791771769523620605e-01 9.520204067230224609e-01
-1.219528764486312866e-01 4.795730710029602051e-01 9.514830112457275391e-01
-1.212472319602966309e-01 4.799709320068359375e-01 9.509608745574951172e-01
-1.205670386552810669e-01 4.803710579872131348e-01 9.504541158676147461e-01
-1.199118718504905701e-01 4.807719588279724121e-01 9.499632120132446289e-01
-1.192816644906997681e-01 4.811735153198242188e-01 9.494873285293579102e-01
-1.186758726835250854e-01 4.815759062767028809e-01 9.490268230438232422e-01
-1.180943995714187622e-01 4.819782376289367676e-01 9.485817551612854004e-01
-1.175366193056106567e-01 4.823803901672363281e-01 9.481518268585205078e-01
-1.170024946331977844e-01 4.827819466590881348e-01 9.477366209030151367e-01
-1.164911687374114990e-01 4.831827282905578613e-01 9.473365545272827148e-01
-1.160023137927055359e-01 4.835818409919738770e-01 9.469507932662963867e-01
-1.155355647206306458e-01 4.839794933795928955e-01 9.465796351432800293e-01
-1.150899454951286316e-01 4.843747615814208984e-01 9.462226629257202148e-01
-1.146651655435562134e-01 4.847680926322937012e-01 9.458794593811035156e-01
-1.142609417438507080e-01 4.851584434509277344e-01 9.455496668815612793e-01
-1.138760671019554138e-01 4.855456352233886719e-01 9.452334046363830566e-01
-1.135103255510330200e-01 4.859296977519989014e-01 9.449303150177001953e-01
-1.131631955504417419e-01 4.863099455833435059e-01 9.446395635604858398e-01
-1.128334552049636841e-01 4.866861104965209961e-01 9.443616867065429688e-01
-1.125214248895645142e-01 4.870584309101104736e-01 9.440954327583312988e-01
-1.122260242700576782e-01 4.874261617660522461e-01 9.438413381576538086e-01
-1.119464039802551270e-01 4.877891540527343750e-01 9.435982704162597656e-01
-1.116824001073837280e-01 4.881474375724792480e-01 9.433667063713073730e-01
-1.114332452416419983e-01 4.885005652904510498e-01 9.431455135345458984e-01
-1.111982166767120361e-01 4.888482093811035156e-01 9.429351091384887695e-01
-1.109768152236938477e-01 4.891906082630157471e-01 9.427347183227539062e-01
-1.107448413968086243e-01 4.890239834785461426e-01 9.426616430282592773e-01
-1.106039732694625854e-01 4.884616732597351074e-01 9.427332282066345215e-01
-1.105905175209045410e-01 4.876434504985809326e-01 9.429337978363037109e-01
-1.106783524155616760e-01 4.866922497749328613e-01 9.432311654090881348e-01
-1.108422577381134033e-01 4.856770038604736328e-01 9.435970187187194824e-01
-1.110603511333465576e-01 4.846335351467132568e-01 9.440078139305114746e-01
-1.113147437572479248e-01 4.835785627365112305e-01 9.444454312324523926e-01
-1.115917414426803589e-01 4.825191497802734375e-01 9.448962211608886719e-01
-1.118812039494514465e-01 4.814589619636535645e-01 9.453502893447875977e-01
-1.121752262115478516e-01 4.803976416587829590e-01 9.458006024360656738e-01
-1.124684661626815796e-01 4.793351590633392334e-01 9.462408423423767090e-01
-1.127570495009422302e-01 4.782711863517761230e-01 9.466676712036132812e-01
-1.130378469824790955e-01 4.772041440010070801e-01 9.470789432525634766e-01
-1.133088767528533936e-01 4.761342108249664307e-01 9.474723339080810547e-01
-1.135688498616218567e-01 4.750607609748840332e-01 9.478467702865600586e-01
-1.138172745704650879e-01 4.739843308925628662e-01 9.482012987136840820e-01
-1.140528172254562378e-01 4.729041457176208496e-01 9.485361576080322266e-01
-1.142757311463356018e-01 4.718212783336639404e-01 9.488509893417358398e-01
-1.144860014319419861e-01 4.707357883453369141e-01 9.491459131240844727e-01
-1.146827861666679382e-01 4.696470499038696289e-01 9.494209885597229004e-01
-1.148670613765716553e-01 4.685570895671844482e-01 9.496772289276123047e-01
-1.150386109948158264e-01 4.674654006958007812e-01 9.499142169952392578e-01
-1.151976510882377625e-01 4.663725793361663818e-01 9.501332044601440430e-01
-1.153441518545150757e-01 4.652787148952484131e-01 9.503345489501953125e-01
-1.154787242412567139e-01 4.641849398612976074e-01 9.505180120468139648e-01
-1.156012415885925293e-01 4.630903303623199463e-01 9.506848454475402832e-01
-1.157119870185852051e-01 4.619966745376586914e-01 9.508349895477294922e-01
-1.158113330602645874e-01 4.609035253524780273e-01 9.509693384170532227e-01
-1.158995702862739563e-01 4.598113298416137695e-01 9.510883688926696777e-01
-1.159768924117088318e-01 4.587205648422241211e-01 9.511929750442504883e-01
-1.160432547330856323e-01 4.576313495635986328e-01 9.512825012207031250e-01
-1.160991713404655457e-01 4.565442204475402832e-01 9.513582587242126465e-01
-1.161446422338485718e-01 4.554590880870819092e-01 9.514207839965820312e-01
-1.161798685789108276e-01 4.543763995170593262e-01 9.514696598052978516e-01
-1.162052452564239502e-01 4.532967507839202881e-01 9.515062570571899414e-01
-1.162209883332252502e-01 4.522202014923095703e-01 9.515303373336791992e-01
-1.162270307540893555e-01 4.511471390724182129e-01 9.515424966812133789e-01
-1.162238940596580505e-01 4.500777125358581543e-01 9.515432119369506836e-01
-1.162115037441253662e-01 4.490125179290771484e-01 9.515325427055358887e-01
-1.161904186010360718e-01 4.479521512985229492e-01 9.515111446380615234e-01
-1.161607429385185242e-01 4.468966722488403320e-01 9.514793157577514648e-01
-1.161226779222488403e-01 4.458464384078979492e-01 9.514375925064086914e-01
-1.160765141248703003e-01 4.448026418685913086e-01 9.513856768608093262e-01
-1.160227805376052856e-01 4.437655210494995117e-01 9.513242840766906738e-01
-1.159615665674209595e-01 4.427351355552673340e-01 9.512541294097900391e-01
-1.158935353159904480e-01 4.417129755020141602e-01 9.511752128601074219e-01
-1.158186197280883789e-01 4.406990408897399902e-01 9.510879516601562500e-01
-1.157376095652580261e-01 4.396940469741821289e-01 9.509921073913574219e-01
-1.156503856182098389e-01 4.386983811855316162e-01 9.508885145187377930e-01
-1.155579015612602234e-01 4.377133846282958984e-01 9.507779479026794434e-01
-1.154601573944091797e-01 4.367388486862182617e-01 9.506599307060241699e-01
-1.153574585914611816e-01 4.357752799987792969e-01 9.505354762077331543e-01
-1.152507066726684570e-01 4.348239302635192871e-01 9.504039883613586426e-01
-1.151397824287414551e-01 4.338850378990173340e-01 9.502663016319274902e-01
-1.150250732898712158e-01 4.329583942890167236e-01 9.501234292984008789e-01
-1.149073019623756409e-01 4.320450723171234131e-01 9.499750137329101562e-01
-1.147865280508995056e-01 4.311454892158508301e-01 9.498207569122314453e-01
-1.146632134914398193e-01 4.302598834037780762e-01 9.496619105339050293e-01
-1.145376041531562805e-01 4.293883740901947021e-01 9.494991302490234375e-01
-1.144101619720458984e-01 4.285318553447723389e-01 9.493317604064941406e-01
-1.142812594771385193e-01 4.276899099349975586e-01 9.491608142852783203e-01
-1.141508519649505615e-01 4.268631339073181152e-01 9.489863514900207520e-01
-1.140194833278656006e-01 4.260516166687011719e-01 9.488083124160766602e-01
-1.138873547315597534e-01 4.252557158470153809e-01 9.486276507377624512e-01
-1.137548238039016724e-01 4.244752526283264160e-01 9.484448432922363281e-01
-1.136218979954719543e-01 4.237108528614044189e-01 9.482591748237609863e-01
-1.134891957044601440e-01 4.229621887207031250e-01 9.480719566345214844e-01
-1.133565381169319153e-01 4.222294986248016357e-01 9.478830099105834961e-01
-1.132242754101753235e-01 4.215125441551208496e-01 9.476924538612365723e-01
-1.130928993225097656e-01 4.208122789859771729e-01 9.475007057189941406e-01
-1.129619479179382324e-01 4.201270043849945068e-01 9.473084211349487305e-01
-1.128322780132293701e-01 4.194588065147399902e-01 9.471157789230346680e-01
-1.127036213874816895e-01 4.188061654567718506e-01 9.469224810600280762e-01
-1.125763505697250366e-01 4.181695580482482910e-01 9.467293024063110352e-01
-1.124504506587982178e-01 4.175490140914916992e-01 9.465366005897521973e-01
-1.123261004686355591e-01 4.169443249702453613e-01 9.463441371917724609e-01
-1.122034639120101929e-01 4.163552224636077881e-01 9.461525678634643555e-01
-1.120825409889221191e-01 4.157818555831909180e-01 9.459614753723144531e-01
-1.119637042284011841e-01 4.152238965034484863e-01 9.457716941833496094e-01
-1.118467599153518677e-01 4.146812856197357178e-01 9.455833435058593750e-01
-1.117319017648696899e-01 4.141541719436645508e-01 9.453963637351989746e-01
-1.116191595792770386e-01 4.136418104171752930e-01 9.452112913131713867e-01
-1.115086823701858521e-01 4.131445586681365967e-01 9.450278878211975098e-01
-1.114004328846931458e-01 4.126620888710021973e-01 9.448465108871459961e-01
-1.112944036722183228e-01 4.121938645839691162e-01 9.446675181388854980e-01
-1.111907213926315308e-01 4.117398262023925781e-01 9.444906711578369141e-01
-1.110894978046417236e-01 4.112999439239501953e-01 9.443161487579345703e-01
-1.109907180070877075e-01 4.108737409114837646e-01 9.441446065902709961e-01
-1.110002547502517700e-01 4.100965559482574463e-01 9.441583752632141113e-01
-1.110953241586685181e-01 4.091041088104248047e-01 9.443156123161315918e-01
-1.112563461065292358e-01 4.079936146736145020e-01 9.445760250091552734e-01
-1.114647164940834045e-01 4.068200886249542236e-01 9.449061155319213867e-01
-1.117057651281356812e-01 4.056143760681152344e-01 9.452811479568481445e-01
-1.119668632745742798e-01 4.043921828269958496e-01 9.456819295883178711e-01
-1.122390925884246826e-01 4.031617939472198486e-01 9.460947513580322266e-01
-1.125155538320541382e-01 4.019268751144409180e-01 9.465100765228271484e-01
-1.127909272909164429e-01 4.006892442703247070e-01 9.469202756881713867e-01
-1.130616664886474609e-01 3.994494676589965820e-01 9.473206996917724609e-01
-1.133250370621681213e-01 3.982078433036804199e-01 9.477076530456542969e-01
-1.135792583227157593e-01 3.969637155532836914e-01 9.480791091918945312e-01
-1.138233393430709839e-01 3.957181274890899658e-01 9.484338760375976562e-01
-1.140559539198875427e-01 3.944699764251708984e-01 9.487706422805786133e-01
-1.142772436141967773e-01 3.932196497917175293e-01 9.490886926651000977e-01
-1.144863888621330261e-01 3.919678032398223877e-01 9.493886232376098633e-01
-1.146837174892425537e-01 3.907138705253601074e-01 9.496703147888183594e-01
-1.148691177368164062e-01 3.894582986831665039e-01 9.499337673187255859e-01
-1.150424554944038391e-01 3.882015049457550049e-01 9.501794576644897461e-01
-1.152043938636779785e-01 3.869434595108032227e-01 9.504077434539794922e-01
-1.153547987341880798e-01 3.856852352619171143e-01 9.506189823150634766e-01
-1.154939308762550354e-01 3.844261169433593750e-01 9.508140087127685547e-01
-1.156222596764564514e-01 3.831673562526702881e-01 9.509933590888977051e-01
-1.157401278614997864e-01 3.819089531898498535e-01 9.511566758155822754e-01
-1.158471405506134033e-01 3.806510269641876221e-01 9.513050317764282227e-01
-1.159444153308868408e-01 3.793945312500000000e-01 9.514391422271728516e-01
-1.160314977169036865e-01 3.781391382217407227e-01 9.515593051910400391e-01
-1.161094829440116882e-01 3.768857419490814209e-01 9.516661167144775391e-01
-1.161779761314392090e-01 3.756343722343444824e-01 9.517594575881958008e-01
-1.162375807762145996e-01 3.743852972984313965e-01 9.518403410911560059e-01
-1.162884533405303955e-01 3.731394410133361816e-01 9.519091844558715820e-01
-1.163306832313537598e-01 3.718962669372558594e-01 9.519656896591186523e-01
-1.163647025823593140e-01 3.706563115119934082e-01 9.520109295845031738e-01
-1.163905188441276550e-01 3.694200515747070312e-01 9.520451426506042480e-01
-1.164084300398826599e-01 3.681876063346862793e-01 9.520684480667114258e-01
-1.164187490940093994e-01 3.669592142105102539e-01 9.520815610885620117e-01
-1.164215356111526489e-01 3.657349944114685059e-01 9.520840644836425781e-01
-1.164170801639556885e-01 3.645151257514953613e-01 9.520770311355590820e-01
-1.164052486419677734e-01 3.633002638816833496e-01 9.520603418350219727e-01
-1.163864433765411377e-01 3.620895147323608398e-01 9.520337581634521484e-01
-1.163605153560638428e-01 3.608841300010681152e-01 9.519984722137451172e-01
-1.163276061415672302e-01 3.596832156181335449e-01 9.519538283348083496e-01
-1.162880286574363708e-01 3.584876656532287598e-01 9.519004821777343750e-01
-1.162416562438011169e-01 3.572970628738403320e-01 9.518382549285888672e-01
-1.161885857582092285e-01 3.561117649078369141e-01 9.517678022384643555e-01
-1.161289289593696594e-01 3.549315333366394043e-01 9.516886472702026367e-01
-1.160624623298645020e-01 3.537563979625701904e-01 9.516016244888305664e-01
-1.159894168376922607e-01 3.525866866111755371e-01 9.515061378479003906e-01
-1.159102171659469604e-01 3.514226078987121582e-01 9.514030218124389648e-01
-1.158244758844375610e-01 3.502640724182128906e-01 9.512917995452880859e-01
-1.157326400279998779e-01 3.491120338439941406e-01 9.511737823486328125e-01
-1.156347095966339111e-01 3.479658067226409912e-01 9.510476589202880859e-01
-1.155311167240142822e-01 3.468266427516937256e-01 9.509149789810180664e-01
-1.154218167066574097e-01 3.456943631172180176e-01 9.507753849029541016e-01
-1.153075397014617920e-01 3.445701003074645996e-01 9.506291151046752930e-01
-1.151880547404289246e-01 3.434537053108215332e-01 9.504770636558532715e-01
-1.150644719600677490e-01 3.423466384410858154e-01 9.503186941146850586e-01
-1.149364113807678223e-01 3.412492275238037109e-01 9.501552581787109375e-01
-1.148047000169754028e-01 3.401617407798767090e-01 9.499861001968383789e-01
-1.146698445081710815e-01 3.390861749649047852e-01 9.498128890991210938e-01
-1.145320385694503784e-01 3.380218148231506348e-01 9.496347904205322266e-01
-1.143918633460998535e-01 3.369702696800231934e-01 9.494526386260986328e-01
-1.142497956752777100e-01 3.359318375587463379e-01 9.492670297622680664e-01
-1.141060888767242432e-01 3.349072039127349854e-01 9.490782618522644043e-01
-1.139612793922424316e-01 3.338977098464965820e-01 9.488866329193115234e-01
-1.138155460357666016e-01 3.329027891159057617e-01 9.486922025680541992e-01
-1.136696636676788330e-01 3.319239020347595215e-01 9.484957456588745117e-01
-1.135236173868179321e-01 3.309611082077026367e-01 9.482973814010620117e-01
-1.133777275681495667e-01 3.300148248672485352e-01 9.480972290039062500e-01
-1.132323592901229858e-01 3.290858268737792969e-01 9.478961229324340820e-01
-1.130880117416381836e-01 3.281742334365844727e-01 9.476938247680664062e-01
-1.129447892308235168e-01 3.272804617881774902e-01 9.474911093711853027e-01
-1.128025203943252563e-01 3.264043927192687988e-01 9.472875595092773438e-01
-1.126621961593627930e-01 3.255470395088195801e-01 9.470846652984619141e-01
-1.125233173370361328e-01 3.247076869010925293e-01 9.468811154365539551e-01
-1.123864576220512390e-01 3.238872885704040527e-01 9.466785192489624023e-01
-1.122516021132469177e-01 3.230853676795959473e-01 9.464763998985290527e-01
-1.121188700199127197e-01 3.223021626472473145e-01 9.462752938270568848e-01
-1.119885966181755066e-01 3.215380012989044189e-01 9.460746645927429199e-01
-1.118605434894561768e-01 3.207924365997314453e-01 9.458761215209960938e-01
-1.117352247238159180e-01 3.200658261775970459e-01 9.456783533096313477e-01
-1.116121560335159302e-01 3.193577229976654053e-01 9.454826712608337402e-01
-1.114922016859054565e-01 3.186689615249633789e-01 9.452887773513793945e-01
-1.113747507333755493e-01 3.179982900619506836e-01 9.450972080230712891e-01
-1.112600415945053101e-01 3.173462152481079102e-01 9.449074268341064453e-01
-1.111486181616783142e-01 3.167129158973693848e-01 9.447197914123535156e-01
-1.110397279262542725e-01 3.160976171493530273e-01 9.445351362228393555e-01
-1.109338328242301941e-01 3.155000209808349609e-01 9.443529844284057617e-01
-1.108306124806404114e-01 3.149204850196838379e-01 9.441735744476318359e-01
-1.107305139303207397e-01 3.143587410449981689e-01 9.439970850944519043e-01
-1.106332391500473022e-01 3.138141036033630371e-01 9.438234567642211914e-01
-1.105389073491096497e-01 3.132866024971008301e-01 9.436531066894531250e-01
